terrain
28
1	断面1	0	0.047012
不规则形	1	5	258.296	583.481	225.966	588.719	275.966	588.719	357.946	602	421.684	657	
2	S38	6105.32	0.047012
不规则形	1	22	0	595.823	15.8342	585.963	21.7644	580.693	26.9164	576.537	32.9164	570.937	41.9164	560.537	49.9164	559.137	61.9164	561.037	72.9164	568.937	80.9164	569.637	87.9164	570.837	96.9164	572.237	104.916	574.337	112.916	575.137	121.528	576.633	131.5	577.32	148.756	579.638	162.918	580.781	163.823	582.292	172.2	584.88	193.092	585.851	222.618	590.411	
3	S37	6876.66	0.047012
不规则形	1	23	0	586.392	3.48589	584.18	4.13845	582.907	5.00914	582.766	12.3	582.78	14.5954	578.77	27.6362	575.671	35.6362	573.271	51.6362	572.871	62.6362	572.471	70.6362	571.871	82.6362	571.271	90.6362	571.071	99.6362	570.871	107.636	570.571	116.636	570.271	129.636	570.271	137.636	570.171	148.636	571.771	159.636	573.671	165.169	575.669	176.27	578.489	180.373	589.211	
4	S36	7452.17	0.047012
不规则形	1	30	0	596.107	1.19563	592.571	9.20389	589.967	16.727	589.775	20	590.03	21.4551	590.03	25.4225	575.376	10.9225	575.505	60.9225	575.505	46.4225	568.376	54.4225	567.776	63.4225	567.876	75.4225	568.076	82.4225	568.676	93.4225	569.276	104.422	569.576	112.422	569.976	121.422	570.276	128.422	570.376	135.422	570.676	142.422	571.076	148.422	571.576	153.422	572.176	159.422	572.576	165.422	572.976	172.422	573.376	178.154	574.295	196.421	576.063	204.608	578.638	206.922	588.565	
5	S35-1	7900.68	0.047012
不规则形	1	42	0	602	10.3	597.5	11.8	597.5	17.3	596.5	27.8	590.5	35.2	590.5	44.7	587.2	63.9	581.8	92.7	581.5	109.5	581.6	127.9	581.5	146.7	582.086	147.297	581.544	162.94	574.887	179.202	573.528	187.202	572.528	198.202	572.028	207.202	571.828	219.202	571.728	230.202	571.228	242.202	571.328	253.202	571.528	264.202	571.628	277.202	571.728	284.202	572.128	295.202	572.328	305.202	572.528	314.202	572.628	321.202	572.728	329.202	572.928	340.202	573.128	347.202	573.228	352.834	573.5	355.834	574.15	356.8	583.1	360.126	582.949	369.033	583.027	395.313	583.47	417.813	588.8	428.613	587.2	436.413	587.2	454.313	596	
6	S34-1	8615.49	0.047012
不规则形	1	33	0	600.3	4.2	597	5.7	597	11.1	597.3	20.8	593.9	26.8	590.5	36	590.4	44.2	587.2	82.4	586.2	132	585.3	147.9	584.8	196.9	583.3	232.5	583.7	258	581.602	258.819	574.549	264.13	573.734	274.578	571.465	282.578	570.665	295.578	569.865	302.578	567.665	313.578	565.765	322.578	565.765	335.578	565.065	346.578	564.465	359.578	564.365	369.578	567.865	379.578	567.565	386.777	571.455	399.5	581.54	404.92	581.707	411.702	581.718	416.589	593.36	422.689	600.1	
7	S33-1	9267.49	0.047012
不规则形	1	40	0	598.5	18.5	598.4	20.1	598.4	33.9	595.8	63.9	595.1	119.1	590.6	196.3	587.5	221.9	586	251.9	584.784	256.259	582.79	266.068	581.61	269.694	577.876	269.774	576.382	277.323	575.371	277.615	573.924	286.002	571.092	295.002	568.392	307.002	567.292	316.002	567.192	324.002	567.092	336.002	567.092	344.002	566.892	353.002	566.692	361.002	566.492	368.002	566.392	378.002	566.292	387.002	566.292	397.002	567.392	406.002	567.392	414.002	569.092	420.845	570.97	434.057	575.918	441.748	581.55	443.648	589.52	444.2	589.52	461.298	589.486	468.578	589.682	477.068	589.561	486.704	593.953	505.765	610.612	
8	S32	10288.7	0.047012
不规则形	1	28	-15.9426	578.929	34.0574	578.929	18.1148	576.303	35.9235	573.29	40.6162	570.735	62.0325	569.967	96.1505	569.581	115.425	569.644	137.539	567.653	147.539	564.853	162.539	563.753	175.539	563.153	186.539	562.753	199.539	562.353	215.539	563.053	227.539	563.753	241.539	565.253	250.982	567.898	273.575	568.935	295.66	570.686	312.991	572.202	319.581	576.071	342.609	584.91	357.237	593.832	359.21	597.007	360.2	597.01	361.21	597.107	368.5	597.223	
9	S31-1	10838	0.047012
不规则形	1	39	0	611.286	15.4054	598.156	23.4654	581.276	29.1109	580.46	34.5786	577.252	40.4704	567.877	48.4704	565.277	57.4704	562.177	68.4704	560.677	76.4704	561.377	85.4704	561.877	92.4704	561.677	103.47	561.577	111.47	561.677	123.47	561.577	134.47	563.877	146.47	565.477	155.54	567.956	164.693	569.914	174.164	576.928	190.6	582.08	209.448	583.182	210.866	584.013	229.564	585.662	236.564	585.603	237.043	586.554	244.941	586.72	245.79	587.62	248.792	589.039	261.546	590.388	262.082	591.913	270.017	592.125	273.538	592.998	278.175	593.077	278.699	594.257	284.282	594.164	284.99	595.388	288.715	598.465	290.168	600.801	
10	S30	12648.5	0.047012
不规则形	1	27	0	609.617	0.99743	600.1	10.9974	600.1	15.2435	599.813	24.142	590.609	31.6738	578.348	35.845	564.9	42.7567	563.595	52.7567	559.595	66.7567	557.095	75.7567	556.595	87.7567	555.995	98.7567	555.595	110.757	555.795	123.757	556.995	135.757	557.795	150.757	558.895	163.757	563.595	172.245	569.444	180.529	576.259	192.484	578.881	213.1	582.74	220.067	582.756	223.462	584.593	236.008	588.266	245.388	594.223	261.658	607.424	
11	S29	14015.9	0.047012
不规则形	1	38	0	600.1	23.4	596.6	45.7	593.2	60.6	592.2	63.2	598.8	80.2	598.8	97.3	598.5	112.2	598.2	123.2	590.3	137	587.7	159	585.4	178.7	581.5	182.4	578.8	206.4	578.2	226.6	572	235.818	566.603	246.987	561.607	256.987	553.207	265.987	550.807	274.987	548.107	282.987	548.207	293.987	548.907	301.987	549.307	307.987	550.207	315.987	553.007	324.987	555.907	331.987	558.707	337.987	559.507	344.987	560.107	353.987	561.007	363.726	561.634	380.275	569.689	394.398	579.372	397.1	585.79	397.8	585.79	404.379	585.898	406.852	592.384	422.158	609.081	
12	S28	14566.7	0.047012
不规则形	1	32	0	603.4	1	598	4.9	598.6	12.9	598.7	17	597.6	37.5	575.8	52.9	562.4	55.8	560	60.8	554.1	69.8	550.2	78.8	548.4	90.8	549.2	97.8	550.2	106.8	551	117.8	551.4	125.8	551.5	133.8	552.2	141.8	553.9	149.8	555.2	158.8	557.5	166.049	560.181	188.135	561.15	226.436	563.24	264.81	562.899	302.48	563.557	317.1	570.27	317.5	570.27	324.058	570.311	325.281	573.641	333.658	585.021	340.786	594.141	344.092	596.661	
13	S27	15215.8	0.047012
不规则形	1	31	0	603.2	29	597.6	36.9	596.4	52.9	596.3	58.7	588.1	64.4	588.1	67.3	578.4	82.2	577.6	87.2	574.5	111.4	571.2	135.4	567.8	159.6	567.2	170.6	567.2	187.656	568.852	189.912	558.38	194.912	556.38	202.912	554.28	211.912	552.38	220.912	551.98	229.912	550.88	237.912	551.38	244.912	551.78	252.912	553.48	260.912	555.28	271.912	556.38	277.912	558.38	286.912	572.1	302	586.45	308.609	586.635	315.548	586.456	332.713	622.211	
14	S26	15942.1	0.047012
不规则形	1	28	0	605.094	6.98899	598.475	11.9681	596.293	13.4916	596.068	24.1597	586.004	38.7159	574.491	52.1775	563.142	64.392	557.204	69.392	555.104	76.392	551.204	87.392	549.504	98.392	550.204	109.392	551.304	116.392	551.504	124.392	551.904	136.392	552.004	147.392	552.204	155.392	552.404	166.649	557.29	178.179	562.554	185.5	567.315	186.51	568.943	187	568.92	193.98	568.994	197.858	572.071	211.75	583.894	222.708	592.318	248.173	609.169	
15	S25	17284.1	0.047012
不规则形	1	30	0	605.839	5.2245	601.628	13.9183	590.393	30.0461	581.977	46.2642	572.49	58.9443	564.887	60.7549	564.283	63.8054	559.854	75.2021	554.383	80.2021	551.183	87.2021	549.383	95.2021	546.083	103.202	546.383	112.202	547.083	122.202	547.583	130.202	548.083	138.202	548.483	146.202	549.083	157.202	549.483	168.202	549.983	175.202	550.683	183.202	551.983	188.955	554.223	206.276	560.025	214.023	565.74	215.923	570.04	217.5	570.51	224.338	570.487	228.802	577.279	245.733	596.005	
16	S24	17873.8	0.047012
不规则形	1	39	0	605	22.5	599	47	594.1	48.2	591.2	57.6	591.2	58.6	589.5	69.1	589.5	70.1	589.7	80.3	587.9	81.3	585.8	104.9	584.3	105.9	581.1	120.6	580.9	121.4	577.2	136.2	577.1	136.6	573.8	149.2	573.5	163.741	564.134	171.063	559.786	182.799	552.906	187.799	550.806	195.799	547.306	206.799	546.606	215.799	545.306	224.799	541.306	233.799	540.306	242.799	542.706	254.799	544.506	260.799	546.306	266.799	548.306	270.954	553.104	283.589	557.875	306.4	569.64	307.2	569.61	314.475	569.533	315.706	573.126	325.705	580.93	341.819	589.989	358.361	601.711	
17	S23	18575.6	0.047012
不规则形	1	40	0	608.724	6.96256	605.555	12.9265	600.978	19.0803	598.65	20.2909	596.719	24.53	596.748	25.8731	594.532	32.2169	593.912	33.8073	590.589	47.9119	590.069	49.8227	587.417	53.9269	587.261	54.6877	585.909	64.12	584.445	73.9382	582.111	76.9366	578.483	79.6	578.3	84.3082	572.107	89.6384	566.627	93.2761	553.322	101.276	549.3	113.276	547.8	124.276	547.6	135.276	547.5	143.276	547.5	155.276	547.3	163.276	547	174.276	546.8	186.276	546.7	195.276	546.5	204.276	546.3	214.276	548.3	228.467	553.613	233.349	560.599	242.272	570.601	244.822	570.689	251.993	570.552	252.972	580.982	272.065	600.361	285.907	615.052	
18	S22	19681.7	0.047012
不规则形	1	26	0	610.304	12.8614	600.515	21.521	594.276	28.1168	584.634	34.4065	565.754	42.7217	547.993	47.7217	544.993	53.7217	541.893	61.7217	539.193	72.7217	539.293	83.7217	539.393	94.7217	539.493	102.722	539.693	113.722	540.393	124.722	540.693	131.722	541.093	137.722	543.793	148.722	541.693	150.576	548.054	158.994	552.987	179.458	577.219	183.1	580.07	185.975	578.58	190.605	579.004	197.772	579.086	201.465	604.707	
19	S21	20787.3	0.047012
不规则形	1	40	0	603.829	8.52732	597.284	23.5136	593.069	31.8664	588.391	45.6492	578.2	50.2492	576.1	51.7492	576.1	60.5492	575.5	65.6904	575.488	79.7813	566.976	95.5734	554.676	105.053	549.502	117.503	546.587	122.503	544.787	131.503	544.387	140.503	542.987	148.503	541.487	157.503	538.987	167.503	538.387	178.503	537.687	185.503	536.987	193.503	537.287	202.503	535.987	209.503	536.487	218.503	537.187	227.503	537.987	238.503	540.087	245.503	541.987	252.503	546.587	268.425	556.829	279.218	567.83	280.283	568.813	292.6	577.57	296.833	576.127	301.04	575.844	308.409	575.455	310.163	576.23	317.009	583.132	335.018	599.836	344.417	617.598	
20	S20	21652.6	0.047012
不规则形	1	34	0	605.852	11.3222	594.653	15.6897	590.398	28.0159	579.6	30.5159	572.7	32.5159	573.6	34.0159	573.6	38.4159	570.8	42.463	566.42	60.4951	549.999	71.8351	543.507	76.8351	540.007	84.8351	536.507	92.8351	534.107	101.835	533.007	111.835	531.907	122.835	531.107	133.835	531.607	140.835	534.907	149.835	536.807	157.835	538.607	166.835	537.607	177.835	537.107	185.835	543.507	199.867	551.066	204.108	560.086	222.945	564.843	241.567	570.992	267.583	581.695	283	591.7	298.305	591.624	305.855	591.609	308.22	593.61	322.397	604.658	
21	S19	22228.7	0.047012
不规则形	1	17	0	606.9	16	584.3	37.6	542.8	43.6	534.5	49.6	530.8	57.6	530.9	67.6	531	80.6	531	89.6	531.7	101.6	536	109.6	536.5	116.6	542.8	122.8	580.8	135	595.7	135.6	595.73	141.9	595.8	145.9	605	
22	S18	23141.7	0.047012
不规则形	1	23	0	619.373	5.22612	605.147	29.6539	587.715	36.8013	565.238	42.0632	547.391	58.6699	541.071	63.6699	534.071	69.6699	521.871	76.6699	519.071	84.6699	518.971	91.6699	519.671	98.6699	520.471	106.67	524.871	112.67	526.771	120.67	528.771	128.67	533.471	136.203	541.115	146.355	545.875	157.474	551.664	164.676	560.747	165.3	560.74	173.014	560.961	178.876	606.8	
23	S17	23969.7	0.047012
不规则形	1	30	0	619.034	6.92411	604.449	22.8448	594.398	50.0133	579.64	59.1587	576.689	64.5926	566.8	67.6926	567.6	69.1926	567.6	74.1926	566.9	82.7926	546.7	87.7926	544.6	103.602	539.977	108.602	537.877	116.602	536.177	123.602	534.677	133.602	534.177	141.602	533.777	148.602	533.177	155.602	533.277	163.602	533.577	172.602	533.477	180.602	533.077	188.602	533.177	192.602	539.977	200.6	564.69	206.888	565.424	213.926	565.014	229.641	565.728	236.946	593.556	246.425	600.587	
24	S16-1	24483.8	0.047012
不规则形	1	35	0	591.692	9.83966	589.509	14.2606	585.757	20.1923	584.624	32.951	579.657	37.918	577.818	48.3326	574.735	50.1047	565.524	57.508	566.043	75.0004	565.942	77.9	565.32	79.3843	565.03	81.407	563.12	97.559	560.452	110.53	555.834	119.362	553.62	127.019	543.774	130.927	539.715	137.927	535.015	145.927	534.815	156.927	534.515	164.927	533.715	171.927	532.815	183.927	532.715	193.927	532.015	200.927	532.715	211.927	534.515	217.874	540.042	223.064	553.308	223.792	553.504	230.307	553.554	231.694	561.55	245.096	566.37	249.216	580.918	256.285	603.994	
25	S15	26200.5	0.047012
不规则形	1	24	0	614.127	7.44223	603.343	17.9787	594.229	28.8455	565.552	34.2966	544.694	42.711	537.188	47.711	531.988	54.711	528.688	60.711	529.188	69.711	529.988	77.711	532.488	88.711	531.888	95.711	530.388	106.711	530.688	117.711	530.888	125.711	531.088	135.711	531.588	140.192	537.566	165.838	559.925	167.5	560.05	174.433	559.944	182.044	576.82	193.138	592.9	203.938	600.9	
26	S14	26922.3	0.047012
不规则形	1	17	0	604.321	6.99442	591.828	15.7234	571.322	24.207	552.751	34.8314	536.037	42.8314	527.037	54.8314	522.537	67.8314	516.437	76.8314	515.037	85.8314	514.037	94.8314	512.037	103.831	525.537	109.179	536.08	122.082	547.417	124.2	548	131.2	547.947	137.705	615	
27	S13-1	27605.3	0.047012
不规则形	1	33	0	604.402	10.7924	589.639	20.8241	578.004	27.8717	567.889	35.3285	564.103	36.6651	556.66	38.0167	556.867	39.5815	556.924	42.8044	556.499	45.471	558.024	51.4305	557.66	63.8794	545.884	75.242	540.053	83.4329	535.687	87.4329	532.987	94.4329	530.787	103.433	530.587	109.433	529.887	118.433	529.487	124.433	529.087	128.433	528.887	142.433	527.987	156.433	527.587	167.433	528.487	176.433	531.687	184.433	532.787	190.097	535.7	192.197	550.74	192.9	550.74	199.693	550.154	206.704	561.354	213.618	574.099	223.618	599.099	
28	S12	28153.4	0.047012
不规则形	1	33	0	605.287	12.4777	596.447	27.3939	586.869	30.9727	586.537	58.8782	572.817	66.6814	572.577	69.2558	570.486	84.0532	567.514	87.2849	565.056	100.533	564.495	103.457	563.02	116.513	562.389	124.241	558.912	144	556.95	166.746	552.636	170.678	551.023	204.065	548.251	215.549	542.826	223.109	541.352	226.262	538.134	232.262	515.2	240.262	513.1	250.262	515.3	261.262	516	271.262	519.4	280.262	522.1	287.062	525.3	298.262	532.4	307.917	538.427	320.598	546.348	327.777	546.189	340.926	593.796	354.695	606.227	
